Factor Analysis using method =  minres
Call: fa(r = efadataset, nfactors = 21, rotate = "oblimin")
Standardized loadings (pattern matrix) based upon correlation matrix
                                      MR2   MR3   MR4   MR5   MR1   MR6   MR7   MR9   MR8  MR10  MR12  MR15  MR18  MR11  MR17  MR19  MR13  MR14  MR16 MR20 MR21   h2     u2 com
Size.NOM                             0.03  0.00  0.03 -0.01 -0.02  0.83  0.09  0.08  0.06 -0.02  0.05  0.05  0.07 -0.15 -0.07  0.00  0.09 -0.03 -0.01    0    0 1.00 0.0050 1.2
Size.NOPM                            0.09  0.00 -0.01  0.03  0.09  0.23 -0.09  0.24  0.03  0.22  0.29 -0.14  0.03 -0.10 -0.13  0.13  0.17  0.04 -0.03    0    0 0.87 0.1320 7.6
Size.LOC                             0.00  0.00  0.00  0.04  0.04  0.88 -0.05 -0.02 -0.02  0.01 -0.02 -0.04 -0.07  0.13  0.07  0.04 -0.06  0.03  0.01    0    0 0.85 0.1504 1.1
Size.CountInstanceVariable           0.02 -0.01  0.01  0.01  0.05  0.00  0.00  0.88 -0.02 -0.01 -0.01  0.00  0.00  0.00  0.01  0.01 -0.01  0.00  0.01    0    0 0.85 0.1528 1.0
Size.CountDeclMethodDefault          0.06 -0.01  0.00  0.01  0.04  0.04  0.84 -0.05 -0.09 -0.05  0.02  0.00 -0.02 -0.04  0.05 -0.04  0.09 -0.08 -0.03    0    0 0.83 0.1726 1.1
Sub-Inheritance.NC                   0.07 -0.02  0.37  0.01  0.02 -0.01  0.02 -0.05 -0.09  0.35 -0.01  0.19  0.17  0.10  0.13 -0.08 -0.01 -0.13 -0.04    0    0 0.85 0.1468 4.3
Sup-Inheritance.DIT                  0.00  0.75  0.06 -0.03  0.05 -0.01 -0.03 -0.03  0.05 -0.10  0.17 -0.02 -0.05  0.00 -0.07  0.01 -0.12  0.04  0.19    0    0 0.99 0.0115 1.4
Sup-Inheritance.ReuseRatio          -0.01  0.99 -0.03 -0.01 -0.04 -0.01  0.01  0.01  0.02  0.06 -0.07 -0.02 -0.04 -0.02  0.02 -0.02  0.08  0.03  0.01    0    0 0.96 0.0401 1.0
Sub-Inheritance.CountSub            -0.02  0.01  0.95 -0.01 -0.04 -0.01  0.00  0.04  0.05  0.02  0.05  0.01 -0.03  0.00  0.01 -0.01 -0.07 -0.09 -0.03    0    0 1.00 0.0050 1.1
Sup-Inheritance.CountSup             0.00  1.02 -0.01  0.01  0.01  0.01  0.00 -0.01 -0.03 -0.02  0.01  0.02  0.05  0.02  0.00  0.01 -0.03 -0.04 -0.06    0    0 1.00 0.0050 1.0
Sub-Inheritance.SpecializationRatio  0.00 -0.01  0.99  0.01  0.03  0.02 -0.01 -0.02 -0.03 -0.02 -0.05 -0.01  0.03  0.00 -0.01  0.00  0.06  0.08  0.03    0    0 0.96 0.0434 1.0
Cohesion.YALCOM                      0.01  0.00  0.02  0.01  0.10  0.01 -0.03 -0.03  0.76 -0.01 -0.01  0.00  0.00  0.00  0.00  0.01  0.01 -0.01  0.00    0    0 0.69 0.3054 1.0
Cohesion.LCOM                       -0.01 -0.01  0.01 -0.01  0.86  0.02  0.01  0.02  0.08 -0.01  0.08 -0.03  0.01  0.01  0.08 -0.01 -0.02  0.09 -0.06    0    0 0.93 0.0695 1.1
Cohesion.LCOMModified                0.00  0.00 -0.01  0.01  0.98 -0.01  0.00  0.03  0.00  0.01 -0.05  0.02 -0.01 -0.01 -0.06  0.01  0.01 -0.06  0.04    0    0 1.00 0.0050 1.0
Cohesion.LCOM5                       0.00  0.01 -0.02  0.00 -0.06 -0.02  0.70  0.10  0.12  0.09 -0.05  0.03  0.08  0.06 -0.09  0.00 -0.16  0.13  0.03    0    0 0.68 0.3155 1.4
In-Coupling.FANINa                   0.98 -0.01 -0.01 -0.04  0.00  0.01  0.03  0.00 -0.01 -0.03  0.01 -0.04  0.00  0.06 -0.09 -0.03  0.04  0.00 -0.04    0    0 0.97 0.0306 1.0
In-Coupling.FANINb                   0.97  0.01  0.00 -0.12 -0.01  0.01  0.01  0.03  0.02  0.03 -0.01  0.00  0.02 -0.04  0.06  0.01 -0.02 -0.01  0.03    0    0 1.00 0.0031 1.1
Out-Coupling.FANOUTa                 0.00 -0.01 -0.01  0.91 -0.01  0.03  0.02  0.05  0.05  0.00 -0.01 -0.06  0.02  0.04  0.04  0.02  0.02 -0.04  0.03    0    0 0.92 0.0807 1.0
Out-Coupling.FANOUTb                 0.01  0.00  0.01  0.84  0.06  0.01 -0.01 -0.01 -0.02  0.00  0.03  0.14 -0.08 -0.02  0.00  0.04 -0.02  0.07 -0.02    0    0 1.00 0.0045 1.1
Out-Coupling.CBOout                 -0.01 -0.03  0.01  0.31  0.03  0.14  0.03  0.16  0.12 -0.09  0.08  0.17 -0.17  0.27  0.16  0.07  0.13  0.04  0.05    0    0 0.91 0.0904 6.7
In-Coupling.CBOin                    0.85  0.01  0.01  0.28  0.02  0.02  0.01  0.02  0.01  0.02  0.00  0.07 -0.02 -0.05  0.05  0.03 -0.03  0.02  0.02    0    0 1.00 0.0026 1.3

                       MR2  MR3  MR4  MR5  MR1  MR6  MR7  MR9  MR8 MR10 MR12 MR15 MR18 MR11 MR17 MR19 MR13 MR14 MR16 MR20 MR21
SS loadings           2.79 2.67 2.18 2.12 1.97 1.85 1.33 1.18 0.83 0.33 0.29 0.28 0.27 0.24 0.24 0.20 0.20 0.15 0.13 0.00 0.00
Proportion Var        0.13 0.13 0.10 0.10 0.09 0.09 0.06 0.06 0.04 0.02 0.01 0.01 0.01 0.01 0.01 0.01 0.01 0.01 0.01 0.00 0.00
Cumulative Var        0.13 0.26 0.36 0.46 0.56 0.65 0.71 0.77 0.80 0.82 0.83 0.85 0.86 0.87 0.88 0.89 0.90 0.91 0.92 0.92 0.92
Proportion Explained  0.15 0.14 0.11 0.11 0.10 0.10 0.07 0.06 0.04 0.02 0.01 0.01 0.01 0.01 0.01 0.01 0.01 0.01 0.01 0.00 0.00
Cumulative Proportion 0.15 0.28 0.40 0.51 0.61 0.71 0.77 0.84 0.88 0.90 0.91 0.93 0.94 0.95 0.96 0.98 0.99 0.99 1.00 1.00 1.00

 With factor correlations of 
       MR2   MR3   MR4   MR5   MR1   MR6   MR7   MR9   MR8  MR10  MR12  MR15  MR18  MR11  MR17  MR19  MR13  MR14  MR16 MR20 MR21
MR2   1.00 -0.05  0.02  0.15  0.09  0.31  0.40  0.39  0.01  0.19  0.14  0.13  0.13 -0.14  0.07  0.05  0.13 -0.11  0.03    0    0
MR3  -0.05  1.00 -0.02 -0.10 -0.04 -0.07 -0.07 -0.13  0.13 -0.08  0.17 -0.05 -0.11 -0.07 -0.13  0.06 -0.19  0.07  0.33    0    0
MR4   0.02 -0.02  1.00  0.04  0.10  0.21 -0.06  0.04  0.10  0.34  0.14  0.39  0.33  0.10  0.20 -0.26 -0.08 -0.24  0.15    0    0
MR5   0.15 -0.10  0.04  1.00  0.31  0.38  0.05  0.37  0.24 -0.06  0.12  0.50 -0.44  0.27  0.41  0.41  0.12  0.17  0.09    0    0
MR1   0.09 -0.04  0.10  0.31  1.00  0.33 -0.10  0.63  0.71 -0.06  0.25  0.05 -0.14  0.03  0.05  0.20  0.10  0.07  0.13    0    0
MR6   0.31 -0.07  0.21  0.38  0.33  1.00  0.14  0.56  0.29  0.08  0.41 -0.04 -0.07  0.00  0.04  0.42  0.36  0.07  0.02    0    0
MR7   0.40 -0.07 -0.06  0.05 -0.10  0.14  1.00  0.16 -0.05  0.01 -0.16  0.22  0.29 -0.03 -0.03 -0.36 -0.01 -0.03 -0.09    0    0
MR9   0.39 -0.13  0.04  0.37  0.63  0.56  0.16  1.00  0.37  0.18  0.34  0.00  0.00 -0.01 -0.15  0.48  0.14  0.15  0.11    0    0
MR8   0.01  0.13  0.10  0.24  0.71  0.29 -0.05  0.37  1.00 -0.06  0.24 -0.04 -0.11  0.05 -0.11  0.28 -0.15  0.32  0.27    0    0
MR10  0.19 -0.08  0.34 -0.06 -0.06  0.08  0.01  0.18 -0.06  1.00 -0.06  0.13  0.49 -0.03  0.07 -0.05  0.02 -0.13 -0.27    0    0
MR12  0.14  0.17  0.14  0.12  0.25  0.41 -0.16  0.34  0.24 -0.06  1.00 -0.11 -0.15 -0.13 -0.16  0.27  0.01  0.06  0.15    0    0
MR15  0.13 -0.05  0.39  0.50  0.05 -0.04  0.22  0.00 -0.04  0.13 -0.11  1.00  0.00  0.16  0.36 -0.06 -0.07 -0.13 -0.04    0    0
MR18  0.13 -0.11  0.33 -0.44 -0.14 -0.07  0.29  0.00 -0.11  0.49 -0.15  0.00  1.00 -0.25 -0.17 -0.26 -0.03 -0.23 -0.25    0    0
MR11 -0.14 -0.07  0.10  0.27  0.03  0.00 -0.03 -0.01  0.05 -0.03 -0.13  0.16 -0.25  1.00  0.40  0.00 -0.25  0.07  0.04    0    0
MR17  0.07 -0.13  0.20  0.41  0.05  0.04 -0.03 -0.15 -0.11  0.07 -0.16  0.36 -0.17  0.40  1.00 -0.05  0.04 -0.14 -0.12    0    0
MR19  0.05  0.06 -0.26  0.41  0.20  0.42 -0.36  0.48  0.28 -0.05  0.27 -0.06 -0.26  0.00 -0.05  1.00  0.02  0.22  0.16    0    0
MR13  0.13 -0.19 -0.08  0.12  0.10  0.36 -0.01  0.14 -0.15  0.02  0.01 -0.07 -0.03 -0.25  0.04  0.02  1.00 -0.13 -0.23    0    0
MR14 -0.11  0.07 -0.24  0.17  0.07  0.07 -0.03  0.15  0.32 -0.13  0.06 -0.13 -0.23  0.07 -0.14  0.22 -0.13  1.00  0.21    0    0
MR16  0.03  0.33  0.15  0.09  0.13  0.02 -0.09  0.11  0.27 -0.27  0.15 -0.04 -0.25  0.04 -0.12  0.16 -0.23  0.21  1.00    0    0
MR20  0.00  0.00  0.00  0.00  0.00  0.00  0.00  0.00  0.00  0.00  0.00  0.00  0.00  0.00  0.00  0.00  0.00  0.00  0.00    1    0
MR21  0.00  0.00  0.00  0.00  0.00  0.00  0.00  0.00  0.00  0.00  0.00  0.00  0.00  0.00  0.00  0.00  0.00  0.00  0.00    0    1

Mean item complexity =  1.8
Test of the hypothesis that 21 factors are sufficient.

df null model =  210  with the objective function =  31.26 with Chi Square =  35955.43
df of  the model are -21  and the objective function was  2.58 

The root mean square of the residuals (RMSR) is  0 
The df corrected root mean square of the residuals is  NA 

The harmonic n.obs is  1159 with the empirical chi square  0.02  with prob <  NA 
The total n.obs was  1159  with Likelihood Chi Square =  2935.08  with prob <  NA 

Tucker Lewis Index of factoring reliability =  1.837
Fit based upon off diagonal values = 1
Measures of factor score adequacy             
                                                   MR2  MR3  MR4  MR5  MR1  MR6  MR7  MR9  MR8 MR10 MR12 MR15 MR18 MR11 MR17 MR19 MR13 MR14 MR16 MR20 MR21
Correlation of (regression) scores with factors   1.00 1.00 1.00 0.99 1.00 0.99 0.93 0.95 0.90 0.84 0.85 0.87 0.85 0.85 0.84 0.85 0.83 0.80 0.87    0    0
Multiple R square of scores with factors          1.00 0.99 0.99 0.99 0.99 0.97 0.87 0.89 0.81 0.71 0.73 0.76 0.72 0.72 0.71 0.73 0.68 0.64 0.76    0    0
Minimum correlation of possible factor scores     0.99 0.99 0.98 0.97 0.98 0.95 0.75 0.79 0.61 0.43 0.45 0.51 0.45 0.43 0.43 0.46 0.37 0.29 0.52   -1   -1
